OME,AMPL
8.9872000e-01,8.4026159e-03
9.0870843e-01,8.8862320e-03
9.1869002e-01,9.4968219e-03
9.2865895e-01,1.0291247e-02
9.3860240e-01,1.1365379e-02
9.4848873e-01,1.2892223e-02
9.5822889e-01,1.5207154e-02
9.6753817e-01,1.8973914e-02
9.7484348e-01,2.4406012e-02
9.7972552e-01,3.0994149e-02
9.8272128e-01,3.7702838e-02
9.8461977e-01,4.4026745e-02
9.8625602e-01,5.1768172e-02
9.8764113e-01,6.1157807e-02
9.8868033e-01,7.1078338e-02
9.8944953e-01,8.1018610e-02
9.9004004e-01,9.0952358e-02
9.9050629e-01,1.0088815e-01
9.9088262e-01,1.1080345e-01
9.9119174e-01,1.2071652e-01
9.9144922e-01,1.3060052e-01
9.9166613e-01,1.4048129e-01
9.9185050e-01,1.5032547e-01
9.9200836e-01,1.6016666e-01
9.9214426e-01,1.6996384e-01
9.9226177e-01,1.7975896e-01
9.9236366e-01,1.8950245e-01
9.9245215e-01,1.9924533e-01
9.9252906e-01,2.0893032e-01
9.9259585e-01,2.1861330e-01
9.9265373e-01,2.2823427e-01
9.9270371e-01,2.3785064e-01
9.9274665e-01,2.4740172e-01
9.9278327e-01,2.5694527e-01
9.9281419e-01,2.6642068e-01
9.9283994e-01,2.7588526e-01
9.9286098e-01,2.8527927e-01
9.9287770e-01,2.9465881e-01
9.9289047e-01,3.0396575e-01
9.9289960e-01,3.1325425e-01
9.9290535e-01,3.2246850e-01
9.9290797e-01,3.3166004e-01
9.9290817e-01,3.3394205e-01
9.9290817e-01,3.3667196e-01
9.9290783e-01,3.3995223e-01
9.9290697e-01,3.4389503e-01
9.9290529e-01,3.4860086e-01
9.9290236e-01,3.5421007e-01
9.9289761e-01,3.6094087e-01
9.9289020e-01,3.6896759e-01
9.9287986e-01,3.7787056e-01
9.9286746e-01,3.8672192e-01
9.9285313e-01,3.9551038e-01
9.9283699e-01,4.0424112e-01
9.9281914e-01,4.1290978e-01
9.9279968e-01,4.2151438e-01
9.9277872e-01,4.3005802e-01
9.9275634e-01,4.3853103e-01
9.9273262e-01,4.4694451e-01
9.9270765e-01,4.5528057e-01
9.9268150e-01,4.6355882e-01
9.9265424e-01,4.7175266e-01
9.9262594e-01,4.7989070e-01
9.9259667e-01,4.8793714e-01
9.9256649e-01,4.9593005e-01
9.9253546e-01,5.0382399e-01
9.9250365e-01,5.1166695e-01
9.9247110e-01,5.1940341e-01
9.9243788e-01,5.2709168e-01
9.9240404e-01,5.3466574e-01
9.9236963e-01,5.4219466e-01
9.9233470e-01,5.4960152e-01
9.9229930e-01,5.5696652e-01
9.9226348e-01,5.6420148e-01
9.9222728e-01,5.7139809e-01
9.9219076e-01,5.7845653e-01
9.9215396e-01,5.8548036e-01
9.9211692e-01,5.9235778e-01
9.9207968e-01,5.9920453e-01
9.9204230e-01,6.0589654e-01
9.9200480e-01,6.1256202e-01
9.9196724e-01,6.1906431e-01
9.9192965e-01,6.2554442e-01
9.9189207e-01,6.3185281e-01
9.9185455e-01,6.3814355e-01
9.9181711e-01,6.4425396e-01
9.9177980e-01,6.5035145e-01
9.9174266e-01,6.5625991e-01
9.9170572e-01,6.6216035e-01
9.9166902e-01,6.6786363e-01
9.9163259e-01,6.7356273e-01
9.9159648e-01,6.7906187e-01
9.9156070e-01,6.8455130e-01
9.9152531e-01,6.8984284e-01
9.9149032e-01,6.9511898e-01
9.9145578e-01,7.0019959e-01
9.9142171e-01,7.0525895e-01
9.9138815e-01,7.1012542e-01
9.9135513e-01,7.1496463e-01
9.9132267e-01,7.1961386e-01
9.9129082e-01,7.2422970e-01
9.9125959e-01,7.2865873e-01
9.9122902e-01,7.3304809e-01
9.9119913e-01,7.3725407e-01
9.9116996e-01,7.4141399e-01
9.9114152e-01,7.4539423e-01
9.9111385e-01,7.4932188e-01
9.9108697e-01,7.5307380e-01
9.9106090e-01,7.5676651e-01
9.9103567e-01,7.6028767e-01
9.9101131e-01,7.6374291e-01
9.9098783e-01,7.6703102e-01
9.9096526e-01,7.7024641e-01
9.9094362e-01,7.7329931e-01
9.9092293e-01,7.7627262e-01
9.9090321e-01,7.7908832e-01
9.9088448e-01,7.8181749e-01
9.9086676e-01,7.8439412e-01
9.9085006e-01,7.8687725e-01
9.9083441e-01,7.8921311e-01
9.9081982e-01,7.9144845e-01
9.9080631e-01,7.9354200e-01
9.9079389e-01,7.9552798e-01
9.9078257e-01,7.9737782e-01
9.9077238e-01,7.9911304e-01
9.9076332e-01,8.0071794e-01
9.9075540e-01,8.0220118e-01
9.9074863e-01,8.0356005e-01
9.9074304e-01,8.0479025e-01
9.9073861e-01,8.0590220e-01
9.9073538e-01,8.0687849e-01
9.9073333e-01,8.0774276e-01
9.9073249e-01,8.0846444e-01
9.9073247e-01,8.0860597e-01
9.9073254e-01,8.0878925e-01
9.9073277e-01,8.0902621e-01
9.9073325e-01,8.0926799e-01
9.9073413e-01,8.0949679e-01
9.9073562e-01,8.0970716e-01
9.9073803e-01,8.0998465e-01
9.9074182e-01,8.1013429e-01
9.9074721e-01,8.1025196e-01
9.9075382e-01,8.1017639e-01
9.9076167e-01,8.1004507e-01
9.9077075e-01,8.0971393e-01
9.9078105e-01,8.0933371e-01
9.9079259e-01,8.0874724e-01
9.9080535e-01,8.0811839e-01
9.9081934e-01,8.0727700e-01
9.9083456e-01,8.0639993e-01
9.9085099e-01,8.0530423e-01
9.9086863e-01,8.0417953e-01
9.9088749e-01,8.0283029e-01
9.9090755e-01,8.0145873e-01
9.9092880e-01,7.9985690e-01
9.9095124e-01,7.9823941e-01
9.9097487e-01,7.9638612e-01
9.9099967e-01,7.9452377e-01
9.9102563e-01,7.9242361e-01
9.9105274e-01,7.9031438e-01
9.9108099e-01,7.8797190e-01
9.9111037e-01,7.8561411e-01
9.9114087e-01,7.8303087e-01
9.9117248e-01,7.8042617e-01
9.9120518e-01,7.7760387e-01
9.9123895e-01,7.7475410e-01
9.9127379e-01,7.7169460e-01
9.9130968e-01,7.6860174e-01
9.9134660e-01,7.6530704e-01
9.9138454e-01,7.6197323e-01
9.9142347e-01,7.5844550e-01
9.9146339e-01,7.5487305e-01
9.9150427e-01,7.5111457e-01
9.9154610e-01,7.4730594e-01
9.9158886e-01,7.4331916e-01
9.9163253e-01,7.3927694e-01
9.9167709e-01,7.3506444e-01
9.9172252e-01,7.3079139e-01
9.9176880e-01,7.2635587e-01
9.9181591e-01,7.2185488e-01
9.9186384e-01,7.1719919e-01
9.9191255e-01,7.1247328e-01
9.9196203e-01,7.0760040e-01
9.9201226e-01,7.0265274e-01
9.9206321e-01,6.9756576e-01
9.9211487e-01,6.9239965e-01
9.9216721e-01,6.8710179e-01
9.9222021e-01,6.8172065e-01
9.9227386e-01,6.7621525e-01
9.9232812e-01,6.7062264e-01
9.9238297e-01,6.6491316e-01
9.9243840e-01,6.5911274e-01
9.9249439e-01,6.5320275e-01
9.9255090e-01,6.4719831e-01
9.9260793e-01,6.4109149e-01
9.9266545e-01,6.3488695e-01
9.9272343e-01,6.2858709e-01
9.9278187e-01,6.2218646e-01
9.9284073e-01,6.1569745e-01
9.9290000e-01,6.0910487e-01
9.9295966e-01,6.0243072e-01
9.9301970e-01,5.9565043e-01
9.9308008e-01,5.8879523e-01
9.9314081e-01,5.8183158e-01
9.9320186e-01,5.7479954e-01
9.9326321e-01,5.6765697e-01
9.9332485e-01,5.6045238e-01
9.9338677e-01,5.5313546e-01
9.9344895e-01,5.4576271e-01
9.9351139e-01,5.3827609e-01
9.9357407e-01,5.3073966e-01
9.9363699e-01,5.2308810e-01
9.9370014e-01,5.1539256e-01
9.9376352e-01,5.0758092e-01
9.9382712e-01,4.9973093e-01
9.9389094e-01,4.9176415e-01
9.9395498e-01,4.8376445e-01
9.9401925e-01,4.7564758e-01
9.9408376e-01,4.6750301e-01
9.9414852e-01,4.5924118e-01
9.9421354e-01,4.5095664e-01
9.9427884e-01,4.4255508e-01
9.9434444e-01,4.3413558e-01
9.9441038e-01,4.2559960e-01
9.9447667e-01,4.1705020e-01
9.9454337e-01,4.0838521e-01
9.9461052e-01,3.9971105e-01
9.9467816e-01,3.9092253e-01
9.9474637e-01,3.8212884e-01
9.9481521e-01,3.7322237e-01
9.9488476e-01,3.6431443e-01
9.9495511e-01,3.5529887e-01
9.9502639e-01,3.4627884e-01
9.9509869e-01,3.3715972e-01
9.9517218e-01,3.2803323e-01
9.9524701e-01,3.1881605e-01
9.9532335e-01,3.0958890e-01
9.9540144e-01,3.0027921e-01
9.9548151e-01,2.9095730e-01
9.9556385e-01,2.8156070e-01
9.9564879e-01,2.7214998e-01
9.9573670e-01,2.6267216e-01
9.9582805e-01,2.5317867e-01
9.9592334e-01,2.4362536e-01
9.9602320e-01,2.3405520e-01
9.9612835e-01,2.2443219e-01
9.9623968e-01,2.1479153e-01
9.9635823e-01,2.0510468e-01
9.9648526e-01,1.9539979e-01
9.9662233e-01,1.8565503e-01
9.9677134e-01,1.7589226e-01
9.9693468e-01,1.6609563e-01
9.9711535e-01,1.5628150e-01
9.9731720e-01,1.4643923e-01
9.9754524e-01,1.3658050e-01
9.9780608e-01,1.2669921e-01
9.9810869e-01,1.1680326e-01
9.9846550e-01,1.0689048e-01
9.9889422e-01,9.6966314e-02
9.9942097e-01,8.7032521e-02
1.0000859e+00,7.7094728e-02
1.0009540e+00,6.7161853e-02
1.0021363e+00,5.7250836e-02
1.0038376e+00,4.7405416e-02
1.0064602e+00,3.7746058e-02
1.0102412e+00,2.9522468e-02
1.0153861e+00,2.3144973e-02
1.0213623e+00,1.8820058e-02
1.0273800e+00,1.6061332e-02
1.0330520e+00,1.4252968e-02
1.0400111e+00,1.2652697e-02
1.0484642e+00,1.1266115e-02
1.0583990e+00,1.0106883e-02
1.0683638e+00,9.2583498e-03
1.0783432e+00,8.6113300e-03
1.0883304e+00,8.1020325e-03
1.0983221e+00,7.6908875e-03
1.1083164e+00,7.3521084e-03
