OMEGA,AMPL
9.849999999999999867e-01,5.272051336203767424e-02
9.850499999999999812e-01,3.277218882018038959e-02
9.850999999999999757e-01,4.528857344799470941e-02
9.851499999999999702e-01,4.572722083791577741e-02
9.851999999999999647e-01,4.548869200581820427e-02
9.852499999999999591e-01,4.579925497198775869e-02
9.852999999999999536e-01,4.617050696069473908e-02
9.853499999999999481e-01,4.652342305379271459e-02
9.853999999999999426e-01,4.688310317861259929e-02
9.854499999999999371e-01,4.724782959843383534e-02
9.854999999999999316e-01,4.761519685950562492e-02
9.855499999999999261e-01,4.798470877824491387e-02
9.855999999999999206e-01,4.835577177698634210e-02
9.856499999999999151e-01,4.872795250600901740e-02
9.856999999999999096e-01,4.910085330785835672e-02
9.857499999999999041e-01,4.947403605757590833e-02
9.857999999999998986e-01,4.984695527344396720e-02
9.858499999999998931e-01,5.021888970443768446e-02
9.858999999999998876e-01,5.058886972237320451e-02
9.859499999999998820e-01,5.095559912948700865e-02
9.859999999999998765e-01,5.131736801559683148e-02
9.860499999999998710e-01,5.167196043680687134e-02
9.860999999999998655e-01,5.201656153835054752e-02
9.861499999999998600e-01,5.234767761425013904e-02
9.861999999999998545e-01,5.266186976321786395e-02
9.862499999999998490e-01,5.297020535297491950e-02
9.862999999999998435e-01,5.327374933131050899e-02
9.863499999999998380e-01,5.355475098524454386e-02
9.863999999999998325e-01,5.379783051719010806e-02
9.864499999999998270e-01,5.399676602495832173e-02
9.864999999999998215e-01,5.414708734915498617e-02
9.865499999999998160e-01,5.424753222690487792e-02
9.865999999999998105e-01,5.430159807660399351e-02
9.866499999999998050e-01,5.431878206579305451e-02
9.866999999999997994e-01,5.431494336130431033e-02
9.867499999999997939e-01,5.431123243923013238e-02
9.867999999999997884e-01,5.433134475337381142e-02
9.868499999999997829e-01,5.439749038794240016e-02
9.868999999999997774e-01,5.452620731058061693e-02
9.869499999999997719e-01,5.472553268374624053e-02
9.869999999999997664e-01,5.499466147937038391e-02
9.870499999999997609e-01,5.532609576580551497e-02
9.870999999999997554e-01,5.572578945061661820e-02
9.871499999999997499e-01,5.619367051261849738e-02
9.871999999999997444e-01,5.668629017100612622e-02
9.872499999999997389e-01,5.719685960296926053e-02
9.872999999999997334e-01,5.772064708010240380e-02
9.873499999999997279e-01,5.825442645779967815e-02
9.873999999999997224e-01,5.879603256181752113e-02
9.874499999999997168e-01,5.934402725083489510e-02
9.874999999999997113e-01,5.989745138214681852e-02
9.875499999999997058e-01,6.045564054527073627e-02
9.875999999999997003e-01,6.101808474639471708e-02
9.876499999999996948e-01,6.158431594784781471e-02
9.876999999999996893e-01,6.215381118635149998e-02
9.877499999999996838e-01,6.272590218828115460e-02
9.877999999999996783e-01,6.329968404587478503e-02
9.878499999999996728e-01,6.387391675650921918e-02
9.878999999999996673e-01,6.444691718979743411e-02
9.879499999999996618e-01,6.501643839281280590e-02
9.879999999999996563e-01,6.560222365092707730e-02
9.880499999999996508e-01,6.618298864720265073e-02
9.880999999999996453e-01,6.675212246231597424e-02
9.881499999999996398e-01,6.730388522563672538e-02
9.881999999999996342e-01,6.783385404003867969e-02
9.882499999999996287e-01,6.835070505063788049e-02
9.882999999999996232e-01,6.882846146012923383e-02
9.883499999999996177e-01,6.925779468687946749e-02
9.883999999999996122e-01,6.963050379206509044e-02
9.884499999999996067e-01,6.994094942332992892e-02
9.884999999999996012e-01,7.018809025718464323e-02
9.885499999999995957e-01,7.037761562999272913e-02
9.885999999999995902e-01,7.052357975557274616e-02
9.886499999999995847e-01,7.064873242521237107e-02
9.886999999999995792e-01,7.078278813004533487e-02
9.887499999999995737e-01,7.095836580255239501e-02
9.887999999999995682e-01,7.120526657169790052e-02
9.888499999999995627e-01,7.154478158025323609e-02
9.888999999999995572e-01,7.198616465481548488e-02
9.889499999999995516e-01,7.252670449781400963e-02
9.889999999999995461e-01,7.315514170241695091e-02
9.890499999999995406e-01,7.386261243463453086e-02
9.890999999999995351e-01,7.464333524938993047e-02
9.891499999999995296e-01,7.546786503913918698e-02
9.891999999999995241e-01,7.632739419862376307e-02
9.892499999999995186e-01,7.721572629052737835e-02
9.892999999999995131e-01,7.812862115973059907e-02
9.893499999999995076e-01,7.906325187513954522e-02
9.893999999999995021e-01,8.001778524403345416e-02
9.894499999999994966e-01,8.099106222425593582e-02
9.894999999999994911e-01,8.198235336524518913e-02
9.895499999999994856e-01,8.299116598131840716e-02
9.895999999999994801e-01,8.401708236551026776e-02
9.896499999999994746e-01,8.505961315528791367e-02
9.896999999999994690e-01,8.611805251762852387e-02
9.897499999999994635e-01,8.719132334572141096e-02
9.897999999999994580e-01,8.827780320934114355e-02
9.898499999999994525e-01,8.937512437288569478e-02
9.898999999999994470e-01,9.047994384067274687e-02
9.899499999999994415e-01,9.158768628456015470e-02
9.899999999999994360e-01,9.269227748693331659e-02
9.900499999999994305e-01,9.378589770847389762e-02
9.900999999999994250e-01,9.485882264845044154e-02
9.901499999999994195e-01,9.591359986943853722e-02
9.901999999999994140e-01,9.693192330790013911e-02
9.902499999999994085e-01,9.789225004547415232e-02
9.902999999999994030e-01,9.878096150101628448e-02
9.903499999999993975e-01,9.958757484457053666e-02
9.903999999999993920e-01,1.003080532630204053e-01
9.904499999999993864e-01,1.009485929515401281e-01
9.904999999999993809e-01,1.015289921604532464e-01
9.905499999999993754e-01,1.020842000537812710e-01
9.905999999999993699e-01,1.026624899003991953e-01
9.906499999999993644e-01,1.033193249678688586e-01
9.906999999999993589e-01,1.041075844182157706e-01
9.907499999999993534e-01,1.050669265930360557e-01
9.907999999999993479e-01,1.062164042565698491e-01
9.908499999999993424e-01,1.075536134440814307e-01
9.908999999999993369e-01,1.090605098990860278e-01
9.909499999999993314e-01,1.107237035282141874e-01
9.909999999999993259e-01,1.125188431844314912e-01
9.910499999999993204e-01,1.144143572147029025e-01
9.910999999999993149e-01,1.163978082386321611e-01
9.911499999999993094e-01,1.184614469955845573e-01
9.911999999999993038e-01,1.206009726505392621e-01
9.912499999999992983e-01,1.228145600309469149e-01
9.912999999999992928e-01,1.251021228259197871e-01
9.913499999999992873e-01,1.274647501161606244e-01
9.913999999999992818e-01,1.299042573385967292e-01
9.914499999999992763e-01,1.324227998040530541e-01
9.914999999999992708e-01,1.350224958802099251e-01
9.915499999999992653e-01,1.377050152465222332e-01
9.915999999999992598e-01,1.404710857178525230e-01
9.916499999999992543e-01,1.433198682095815357e-01
9.916999999999992488e-01,1.462481592605702763e-01
9.917499999999992433e-01,1.492493755369159736e-01
9.917999999999992378e-01,1.523123306766361595e-01
9.918499999999992323e-01,1.554198725792627911e-01
9.918999999999992268e-01,1.586301319967686196e-01
9.919499999999992212e-01,1.619369875667162062e-01
9.919999999999992157e-01,1.652277967706272666e-01
9.920499999999992102e-01,1.684404624889514202e-01
9.920999999999992047e-01,1.715307903478611729e-01
9.921499999999991992e-01,1.744737539778624946e-01
9.921999999999991937e-01,1.772889180099886386e-01
9.922499999999991882e-01,1.800714741297370913e-01
9.922999999999991827e-01,1.830169312104572565e-01
9.923499999999991772e-01,1.864183453324703976e-01
9.923999999999991717e-01,1.906159956669955247e-01
9.924499999999991662e-01,1.959049007931896735e-01
9.924999999999991607e-01,2.024522078870967245e-01
9.925499999999991552e-01,2.103249191073945090e-01
9.925999999999991497e-01,2.195331950782820896e-01
9.926499999999991442e-01,2.302178195962172880e-01
9.926999999999991386e-01,2.427819094696777869e-01
9.927499999999991331e-01,2.580367594668012132e-01
9.927999999999991276e-01,2.781639493592251156e-01
9.928499999999991221e-01,3.082257664248911344e-01
9.928999999999991166e-01,3.654080281187986889e-01
9.929499999999991111e-01,5.456744266080902905e-01
9.929999999999991056e-01,5.745326359636236946e-01
9.930499999999991001e-01,5.992402128645281101e-01
9.930999999999990946e-01,5.871985088034753497e-01
9.931499999999990891e-01,5.804505034800183649e-01
9.931999999999990836e-01,5.753146194922370560e-01
9.932499999999990781e-01,5.697986631259646106e-01
9.932999999999990726e-01,5.641295539373182288e-01
9.933499999999990671e-01,5.583743884400728108e-01
9.933999999999990616e-01,5.525269552919709337e-01
9.934499999999990560e-01,5.465871476092704073e-01
9.934999999999990505e-01,5.405580914201431053e-01
9.935499999999990450e-01,5.344427210164010011e-01
9.935999999999990395e-01,5.282439241125076457e-01
9.936499999999990340e-01,5.219670340338004033e-01
9.936999999999990285e-01,5.156128297722075704e-01
9.937499999999990230e-01,5.096037723454399648e-01
9.937999999999990175e-01,5.037145832361721309e-01
9.938499999999990120e-01,4.977399752537715050e-01
9.938999999999990065e-01,4.916831222297586845e-01
9.939499999999990010e-01,4.855472968442126058e-01
9.939999999999989955e-01,4.793358811806991970e-01
9.940499999999989900e-01,4.730523754068892694e-01
9.940999999999989845e-01,4.667004083382812474e-01
9.941499999999989790e-01,4.602854300801202392e-01
9.941999999999989734e-01,4.538110657742246978e-01
9.942499999999989679e-01,4.472800016696636405e-01
9.942999999999989624e-01,4.406964706665708054e-01
9.943499999999989569e-01,4.340648674220782266e-01
9.943999999999989514e-01,4.278282524046876922e-01
9.944499999999989459e-01,4.216090924463474776e-01
9.944999999999989404e-01,4.153395563782750766e-01
9.945499999999989349e-01,4.090252085532227744e-01
9.945999999999989294e-01,4.026739611103430927e-01
9.946499999999989239e-01,3.962880712927914773e-01
9.946999999999989184e-01,3.898729462196467987e-01
9.947499999999989129e-01,3.834341738114417364e-01
9.947999999999989074e-01,3.769774220681705312e-01
9.948499999999989019e-01,3.705084074790842563e-01
9.948999999999988963e-01,3.640328531261189382e-01
9.949499999999988908e-01,3.575564426021429765e-01
9.949999999999988853e-01,3.510847677205454764e-01
9.950499999999988798e-01,3.449191131217499429e-01
9.950999999999988743e-01,3.388649967367547422e-01
9.951499999999988688e-01,3.328162554861938127e-01
9.951999999999988633e-01,3.267776928903093903e-01
9.952499999999988578e-01,3.207537090849075234e-01
9.952999999999988523e-01,3.147482334167092111e-01
9.953499999999988468e-01,3.087646649971874102e-01
9.953999999999988413e-01,3.028058273547505341e-01
9.954499999999988358e-01,2.968739467732842696e-01
9.954999999999988303e-01,2.909706633780547169e-01
9.955499999999988248e-01,2.850970856601241499e-01
9.955999999999988193e-01,2.792539004871568142e-01
9.956499999999988137e-01,2.734415550019890784e-01
9.956999999999988082e-01,2.677756788065982496e-01
9.957499999999988027e-01,2.623180019083320991e-01
9.957999999999987972e-01,2.568765266511826573e-01
9.958499999999987917e-01,2.514531276552961492e-01
9.958999999999987862e-01,2.460514406766582118e-01
9.959499999999987807e-01,2.406774879887843832e-01
9.959999999999987752e-01,2.353402543798879254e-01
9.960499999999987697e-01,2.300521118462941217e-01
9.960999999999987642e-01,2.248289677161661448e-01
9.961499999999987587e-01,2.196900243715195489e-01
9.961999999999987532e-01,2.146570515206498164e-01
9.962499999999987477e-01,2.097531528625867780e-01
9.962999999999987422e-01,2.050011047438980993e-01
9.963499999999987367e-01,2.004214587806912029e-01
9.963999999999987311e-01,1.960307124542375878e-01
9.964499999999987256e-01,1.918398752865458357e-01
9.964999999999987201e-01,1.878537197821278093e-01
9.965499999999987146e-01,1.840708589916445481e-01
9.965999999999987091e-01,1.804845859478143577e-01
9.966499999999987036e-01,1.770842387085242442e-01
9.966999999999986981e-01,1.738642617927191047e-01
9.967499999999986926e-01,1.708112210584065427e-01
9.967999999999986871e-01,1.679017267222023546e-01
9.968499999999986816e-01,1.651226080346499259e-01
9.968999999999986761e-01,1.624619530507944720e-01
9.969499999999986706e-01,1.599092340899483378e-01
9.969999999999986651e-01,1.574552756975797496e-01
9.970499999999986596e-01,1.550921436020289701e-01
9.970999999999986541e-01,1.528129957376446746e-01
9.971499999999986485e-01,1.506119205907241465e-01
9.971999999999986430e-01,1.484837819932540437e-01
9.972499999999986375e-01,1.464240754472840023e-01
9.972999999999986320e-01,1.444287974118035889e-01
9.973499999999986265e-01,1.424943267525668744e-01
9.973999999999986210e-01,1.406173196301054029e-01
9.974499999999986155e-01,1.387946076952767394e-01
9.974999999999986100e-01,1.370231031189797499e-01
9.975499999999986045e-01,1.353421656272564277e-01
9.975999999999985990e-01,1.337120581979756861e-01
9.976499999999985935e-01,1.321252259742690394e-01
9.976999999999985880e-01,1.305781021748033954e-01
9.977499999999985825e-01,1.290666716793583413e-01
9.977999999999985770e-01,1.275863165163069468e-01
9.978499999999985715e-01,1.261316507039962342e-01
9.978999999999985659e-01,1.246963492272266522e-01
9.979499999999985604e-01,1.232729862091826722e-01
9.979999999999985549e-01,1.218529113648681994e-01
9.980499999999985494e-01,1.204274827363865652e-01
9.980999999999985439e-01,1.190029065032046918e-01
9.981499999999985384e-01,1.175503727675655669e-01
9.981999999999985329e-01,1.160571919252386952e-01
9.982499999999985274e-01,1.145116559879617579e-01
9.982999999999985219e-01,1.129043720339064499e-01
9.983499999999985164e-01,1.112302652587656149e-01
9.983999999999985109e-01,1.094908194928004286e-01
9.984499999999985054e-01,1.076961140612579249e-01
9.984999999999984999e-01,1.058660001206905010e-01
9.985499999999984944e-01,1.040296661425228059e-01
9.985999999999984889e-01,1.022230330607495213e-01
9.986499999999984833e-01,1.004839876983948943e-01
9.986999999999984778e-01,9.884632071676520415e-02
9.987499999999984723e-01,9.733403206579201161e-02
9.987999999999984668e-01,9.595788949096113740e-02
9.988499999999984613e-01,9.471542573680932775e-02
9.988999999999984558e-01,9.359413532452451334e-02
9.989499999999984503e-01,9.257628660834989198e-02
9.989999999999984448e-01,9.165716911509862175e-02
9.990499999999984393e-01,9.081102900037379966e-02
9.990999999999984338e-01,9.001746232885578236e-02
9.991499999999984283e-01,8.926607393947058600e-02
9.991999999999984228e-01,8.854900047662900286e-02
9.992499999999984173e-01,8.786034918591102694e-02
9.992999999999984118e-01,8.719571733185713103e-02
9.993499999999984063e-01,8.655180653109348365e-02
9.993999999999984007e-01,8.592612154768075605e-02
9.994499999999983952e-01,8.531673863498258348e-02
9.994999999999983897e-01,8.472212540263705793e-02
9.995499999999983842e-01,8.414099814318370951e-02
9.995999999999983787e-01,8.357220385023844678e-02
9.996499999999983732e-01,8.301461768599011082e-02
9.996999999999983677e-01,8.246704761033796238e-02
9.997499999999983622e-01,8.192813948612517883e-02
9.997999999999983567e-01,8.139627755119070718e-02
9.998499999999983512e-01,8.086947641852201829e-02
9.998999999999983457e-01,8.034526243482421892e-02
9.999499999999983402e-01,7.982054520097066341e-02
9.999999999999983347e-01,7.929148543218535183e-02
